38 31 0 1
1
93
1 15
2 14
3 13
4 12
4 11
4 10
4 9
4 8
4 7
4 6
5 7
6 7
7 8
8 9
9 8
10 8
11 7
11 6
11 5
11 4
11 3
12 3
13 3
14 3
15 3
16 3
17 3
17 4
17 5
17 6
17 7
17 8
17 9
18 10
19 10
20 10
21 10
22 10
23 10
24 9
24 8
24 7
25 7
26 6
27 6
28 6
29 6
30 7
31 8
32 9
33 10
33 11
34 12
34 13
34 14
34 15
34 16
34 17
33 18
32 19
31 20
30 21
29 22
28 22
27 22
26 22
25 21
24 21
23 20
22 19
21 18
20 17
20 16
19 15
18 14
17 15
16 16
16 17
16 18
15 19
14 20
13 21
12 22
11 23
10 24
9 23
8 22
7 21
6 20
5 19
4 18
3 17
2 16
