38 31 0 1
1
93
1 15 1
2 14 1
3 13 1
4 12 8
4 11 1
4 10 1
4 9 1
4 8 1
4 7 1
4 6 8
5 7 1
6 7 1
7 8 1
8 9 1
9 8 1
10 8 8
11 7 1
11 6 1
11 5 1
11 4 1
11 3 8
12 3 1
13 3 1
14 3 1
15 3 1
16 3 1
17 3 1
17 4 8
17 5 1
17 6 1
17 7 1
17 8 8
17 9 1
18 10 1
19 10 1
20 10 1
21 10 1
22 10 1
23 10 1
24 9 1
24 8 1
24 7 1
25 7 1
26 6 8
27 6 1
28 6 1
29 6 1
30 7 1
31 8 1
32 9 1
33 10 1
33 11 1
34 12 8
34 13 1
34 14 1
34 15 1
34 16 1
34 17 8
33 18 1
32 19 1
31 20 1
30 21 1
29 22 1
28 22 1
27 22 8
26 22 8
25 21 1
24 21 1
23 20 1
22 19 1
21 18 1
20 17 1
20 16 1
19 15 1
18 14 8
17 15 1
16 16 1
16 17 1
16 18 1
15 19 1
14 20 1
13 21 1
12 22 1
11 23 1
10 24 8
9 23 1
8 22 1
7 21 1
6 20 1
5 19 1
4 18 1
3 17 8
2 16 1
